5
11
16
23
47
48
53
58
60
67
101
108
136
139
151
157
164
184
187
201
206
227
238
241
248
275
280
291
309
314
322
347
360
361
380
382
387
388
390
393
396
400
404
427
429
434
441
464
495
498
539
551
554
557
564
568
569
587
589
593
614
624
630
656
659
670
689
694
696
701
723
734
737
741
745
746
750
754
755
763
772
812
822
823
831
840
846
876
886
891
893
895
900
902
925
926
943
951
955
961
973
987
1008
1014
1030
1032
1034
1044
1060
1061
1074
1078
1081
1109
1111
1112
1126
1132
1138
1154
1159
1171
1173
1186
1211
1214
1230
1275
1280
1297
1302
1331
1359
1386
1390
1394
1415
1416
1419
1423
1447
1452
1453
1458
1482
1490
1492
1528
1541
1570
1572
1573
1585
1596
1602
1604
1630
1648
1655
1668
1676
1692
1694
1707
1717
1719
1733
1738
1753
1780
1800
1802
1804
1811
1833
1843
1846
1850
1859
1880
1881
1895
1898
1899
1907
1911
1919
1924
1932
1945
1950
1952
1966
1972
1974
1977
1991
1995
1998
2001
2017
2028
2032
2040
2055
2057
2062
2069
2076
2078
2086
2103
2124
2134
2159
2161
2164
2172
2195
2213
2223
2228
2234
2257
2258
2272
2276
2280
2284
2288
2308
2324
2326
2338
2344
2347
2352
2360
2372
2373
2374
2386
2393
2418
2422
2439
2455
2461
2464
2471
2476
2478
2482
2487
2513
2521
2523
2537
2556
2575
2576
2585
2607
2609
2622
2628
2636
2643
2644
2645
2652
2666
2670
2692
2702
2730
2756
2768
2774
2796
